126 112 
101 162 
189 142 
107 142 
215 160 
127 144 
199 94 
190 143 
144 170 
159 117 
188 86 
173 67 
200 100 
188 164 
150 180 
82 104 
110 149 
235 166 
207 132 
178 610 
124 633 
246 614 
167 634 
237 713 
284 758 
182 786 
230 751 
220 608 
184 684 
174 697 
271 681 
193 687 
703 26 
599 110 
658 153 
609 97 
673 139 
625 118 
611 93 
673 93 
701 74 
701 105 
658 160 
624 145 
639 65 
660 63 
754 630 
682 669 
664 572 
695 536 
665 558 
667 628 
644 632 
717 619 
723 566 
754 548 
689 577 
751 566 
712 586 
671 593 
715 561 
712 567 
703 643 
698 606 
697 606 
666 607 
654 601 
636 599 
636 594 
644 577 
